#--------------+
#  TRI FUSION  |
#--------------+
#
#+--------+-----------------------------+
#|        |           ordonne           |
#| Taille | Opérations     Comparaisons |
#+ -------+--------------+--------------+
       1              0               0  
       2              0               2  
       3              0               3  
       4              0               6  
       5              0               8  
       6              0              12  
       7              0              15  
       8              0              20  
       9              0              24  
      10              0              30  
      11              0              35  
      12              0              42  
      13              0              48  
      14              0              56  
      15              0              63  
      16              0              72  
      17              0              80  
      18              0              90  
      19              0              99  
      20              0             110  
      21              0             120  
      22              0             132  
      23              0             143  
      24              0             156  
      25              0             168  
      26              0             182  
      27              0             195  
      28              0             210  
      29              0             224  
      30              0             240  
      31              0             255  
      32              0             272  
      33              0             288  
      34              0             306  
      35              0             323  
      36              0             342  
      37              0             360  
      38              0             380  
      39              0             399  
      40              0             420  
      41              0             440  
      42              0             462  
      43              0             483  
      44              0             506  
      45              0             528  
      46              0             552  
      47              0             575  
      48              0             600  
      49              0             624  
      50              0             650  
      51              0             675  
      52              0             702  
      53              0             728  
      54              0             756  
      55              0             783  
      56              0             812  
      57              0             840  
      58              0             870  
      59              0             899  
      60              0             930  
      61              0             960  
      62              0             992  
      63              0            1023  
      64              0            1056  
      65              0            1088  
      66              0            1122  
      67              0            1155  
      68              0            1190  
      69              0            1224  
      70              0            1260  
      71              0            1295  
      72              0            1332  
      73              0            1368  
      74              0            1406  
      75              0            1443  
      76              0            1482  
      77              0            1520  
      78              0            1560  
      79              0            1599  
      80              0            1640  
      81              0            1680  
      82              0            1722  
      83              0            1763  
      84              0            1806  
      85              0            1848  
      86              0            1892  
      87              0            1935  
      88              0            1980  
      89              0            2024  
      90              0            2070  
      91              0            2115  
      92              0            2162  
      93              0            2208  
      94              0            2256  
      95              0            2303  
      96              0            2352  
      97              0            2400  
      98              0            2450  
      99              0            2499  
     100              0            2550  
     101              0            2600  
     102              0            2652  
     103              0            2703  
     104              0            2756  
     105              0            2808  
     106              0            2862  
     107              0            2915  
     108              0            2970  
     109              0            3024  
     110              0            3080  
     111              0            3135  
     112              0            3192  
     113              0            3248  
     114              0            3306  
     115              0            3363  
     116              0            3422  
     117              0            3480  
     118              0            3540  
     119              0            3599  
     120              0            3660  
     121              0            3720  
     122              0            3782  
     123              0            3843  
     124              0            3906  
     125              0            3968  
     126              0            4032  
     127              0            4095  
     128              0            4160  
     129              0            4224  
     130              0            4290  
     131              0            4355  
     132              0            4422  
     133              0            4488  
     134              0            4556  
     135              0            4623  
     136              0            4692  
     137              0            4760  
     138              0            4830  
     139              0            4899  
     140              0            4970  
     141              0            5040  
     142              0            5112  
     143              0            5183  
     144              0            5256  
     145              0            5328  
     146              0            5402  
     147              0            5475  
     148              0            5550  
     149              0            5624  
     150              0            5700  
     151              0            5775  
     152              0            5852  
     153              0            5928  
     154              0            6006  
     155              0            6083  
     156              0            6162  
     157              0            6240  
     158              0            6320  
     159              0            6399  
     160              0            6480  
     161              0            6560  
     162              0            6642  
     163              0            6723  
     164              0            6806  
     165              0            6888  
     166              0            6972  
     167              0            7055  
     168              0            7140  
     169              0            7224  
     170              0            7310  
     171              0            7395  
     172              0            7482  
     173              0            7568  
     174              0            7656  
     175              0            7743  
     176              0            7832  
     177              0            7920  
     178              0            8010  
     179              0            8099  
     180              0            8190  
     181              0            8280  
     182              0            8372  
     183              0            8463  
     184              0            8556  
     185              0            8648  
     186              0            8742  
     187              0            8835  
     188              0            8930  
     189              0            9024  
     190              0            9120  
     191              0            9215  
     192              0            9312  
     193              0            9408  
     194              0            9506  
     195              0            9603  
     196              0            9702  
     197              0            9800  
     198              0            9900  
     199              0            9999  
     200              0           10100  
     201              0           10200  
     202              0           10302  
     203              0           10403  
     204              0           10506  
     205              0           10608  
     206              0           10712  
     207              0           10815  
     208              0           10920  
     209              0           11024  
     210              0           11130  
     211              0           11235  
     212              0           11342  
     213              0           11448  
     214              0           11556  
     215              0           11663  
     216              0           11772  
     217              0           11880  
     218              0           11990  
     219              0           12099  
     220              0           12210  
     221              0           12320  
     222              0           12432  
     223              0           12543  
     224              0           12656  
     225              0           12768  
     226              0           12882  
     227              0           12995  
     228              0           13110  
     229              0           13224  
     230              0           13340  
     231              0           13455  
     232              0           13572  
     233              0           13688  
     234              0           13806  
     235              0           13923  
     236              0           14042  
     237              0           14160  
     238              0           14280  
     239              0           14399  
     240              0           14520  
     241              0           14640  
     242              0           14762  
     243              0           14883  
     244              0           15006  
     245              0           15128  
     246              0           15252  
     247              0           15375  
     248              0           15500  
     249              0           15624  
     250              0           15750  
     251              0           15875  
     252              0           16002  
     253              0           16128  
     254              0           16256  
     255              0           16383  
     256              0           16512  
     257              0           16640  
     258              0           16770  
     259              0           16899  
     260              0           17030  
     261              0           17160  
     262              0           17292  
     263              0           17423  
     264              0           17556  
     265              0           17688  
     266              0           17822  
     267              0           17955  
     268              0           18090  
     269              0           18224  
     270              0           18360  
     271              0           18495  
     272              0           18632  
     273              0           18768  
     274              0           18906  
     275              0           19043  
     276              0           19182  
     277              0           19320  
     278              0           19460  
     279              0           19599  
     280              0           19740  
     281              0           19880  
     282              0           20022  
     283              0           20163  
     284              0           20306  
     285              0           20448  
     286              0           20592  
     287              0           20735  
     288              0           20880  
     289              0           21024  
     290              0           21170  
     291              0           21315  
     292              0           21462  
     293              0           21608  
     294              0           21756  
     295              0           21903  
     296              0           22052  
     297              0           22200  
     298              0           22350  
     299              0           22499  
     300              0           22650  
     301              0           22800  
     302              0           22952  
     303              0           23103  
     304              0           23256  
     305              0           23408  
     306              0           23562  
     307              0           23715  
     308              0           23870  
     309              0           24024  
     310              0           24180  
     311              0           24335  
     312              0           24492  
     313              0           24648  
     314              0           24806  
     315              0           24963  
     316              0           25122  
     317              0           25280  
     318              0           25440  
     319              0           25599  
     320              0           25760  
     321              0           25920  
     322              0           26082  
     323              0           26243  
     324              0           26406  
     325              0           26568  
     326              0           26732  
     327              0           26895  
     328              0           27060  
     329              0           27224  
     330              0           27390  
     331              0           27555  
     332              0           27722  
     333              0           27888  
     334              0           28056  
     335              0           28223  
     336              0           28392  
     337              0           28560  
     338              0           28730  
     339              0           28899  
     340              0           29070  
     341              0           29240  
     342              0           29412  
     343              0           29583  
     344              0           29756  
     345              0           29928  
     346              0           30102  
     347              0           30275  
     348              0           30450  
     349              0           30624  
     350              0           30800  
     351              0           30975  
     352              0           31152  
     353              0           31328  
     354              0           31506  
     355              0           31683  
     356              0           31862  
     357              0           32040  
     358              0           32220  
     359              0           32399  
     360              0           32580  
     361              0           32760  
     362              0           32942  
     363              0           33123  
     364              0           33306  
     365              0           33488  
     366              0           33672  
     367              0           33855  
     368              0           34040  
     369              0           34224  
     370              0           34410  
     371              0           34595  
     372              0           34782  
     373              0           34968  
     374              0           35156  
     375              0           35343  
     376              0           35532  
     377              0           35720  
     378              0           35910  
     379              0           36099  
     380              0           36290  
     381              0           36480  
     382              0           36672  
     383              0           36863  
     384              0           37056  
     385              0           37248  
     386              0           37442  
     387              0           37635  
     388              0           37830  
     389              0           38024  
     390              0           38220  
     391              0           38415  
     392              0           38612  
     393              0           38808  
     394              0           39006  
     395              0           39203  
     396              0           39402  
     397              0           39600  
     398              0           39800  
     399              0           39999  
     400              0           40200  
     401              0           40400  
     402              0           40602  
     403              0           40803  
     404              0           41006  
     405              0           41208  
     406              0           41412  
     407              0           41615  
     408              0           41820  
     409              0           42024  
     410              0           42230  
     411              0           42435  
     412              0           42642  
     413              0           42848  
     414              0           43056  
     415              0           43263  
     416              0           43472  
     417              0           43680  
     418              0           43890  
     419              0           44099  
     420              0           44310  
     421              0           44520  
     422              0           44732  
     423              0           44943  
     424              0           45156  
     425              0           45368  
     426              0           45582  
     427              0           45795  
     428              0           46010  
     429              0           46224  
     430              0           46440  
     431              0           46655  
     432              0           46872  
     433              0           47088  
     434              0           47306  
     435              0           47523  
     436              0           47742  
     437              0           47960  
     438              0           48180  
     439              0           48399  
     440              0           48620  
     441              0           48840  
     442              0           49062  
     443              0           49283  
     444              0           49506  
     445              0           49728  
     446              0           49952  
     447              0           50175  
     448              0           50400  
     449              0           50624  
     450              0           50850  
     451              0           51075  
     452              0           51302  
     453              0           51528  
     454              0           51756  
     455              0           51983  
     456              0           52212  
     457              0           52440  
     458              0           52670  
     459              0           52899  
     460              0           53130  
     461              0           53360  
     462              0           53592  
     463              0           53823  
     464              0           54056  
     465              0           54288  
     466              0           54522  
     467              0           54755  
     468              0           54990  
     469              0           55224  
     470              0           55460  
     471              0           55695  
     472              0           55932  
     473              0           56168  
     474              0           56406  
     475              0           56643  
     476              0           56882  
     477              0           57120  
     478              0           57360  
     479              0           57599  
     480              0           57840  
     481              0           58080  
     482              0           58322  
     483              0           58563  
     484              0           58806  
     485              0           59048  
     486              0           59292  
     487              0           59535  
     488              0           59780  
     489              0           60024  
     490              0           60270  
     491              0           60515  
     492              0           60762  
     493              0           61008  
     494              0           61256  
     495              0           61503  
     496              0           61752  
     497              0           62000  
     498              0           62250  
     499              0           62499  
     500              0           62750  
     501              0           63000  
     502              0           63252  
     503              0           63503  
     504              0           63756  
     505              0           64008  
     506              0           64262  
     507              0           64515  
     508              0           64770  
     509              0           65024  
     510              0           65280  
     511              0           65535  
     512              0           65792  
#+ -------+--------------+--------------+--------------+--------------+--------------+--------------+
