#--------------+
#  TRI FUSION  |
#--------------+
#
#+--------+-----------------------------+
#|        |           aleatoire           |
#| Taille | Opérations     Comparaisons |
#+ -------+--------------+--------------+
       1              0               0  
       2              2               3  
       3              0               3  
       4              4               8  
       5              7              12  
       6              9              17  
       7             11              21  
       8             11              26  
       9             21              35  
      10             14              38  
      11             34              53  
      12             32              59  
      13             37              67  
      14             40              77  
      15             38              83  
      16             60             103  
      17             46             105  
      18             56             119  
      19             58             128  
      20             81             153  
      21             63             153  
      22             52             159  
      23             76             184  
      24             75             196  
      25             91             215  
      26             80             225  
      27            122             258  
      28            131             280  
      29            161             307  
      30            108             297  
      31            126             321  
      32            136             343  
      33            128             355  
      34            123             371  
      35            122             388  
      36            243             469  
      37            158             442  
      38            203             485  
      39            201             504  
      40            219             533  
      41            213             552  
      42            206             569  
      43            218             596  
      44            248             633  
      45            218             641  
      46            244             680  
      47            255             708  
      48            275             741  
      49            270             762  
      50            308             809  
      51            276             816  
      52            366             893  
      53            320             892  
      54            353             936  
      55            357             968  
      56            418            1024  
      57            355            1025  
      58            313            1031  
      59            358            1083  
      60            377            1127  
      61            427            1181  
      62            392            1195  
      63            413            1240  
      64            435            1281  
      65            493            1340  
      66            469            1364  
      67            409            1366  
      68            490            1442  
      69            448            1454  
      70            446            1491  
      71            488            1550  
      72            739            1709  
      73            528            1642  
      74            638            1734  
      75            633            1766  
      76            639            1812  
      77            515            1790  
      78            622            1881  
      79            748            1981  
      80            631            1962  
      81            812            2098  
      82            644            2053  
      83            670            2111  
      84            715            2175  
      85            734            2224  
      86            681            2243  
      87            723            2306  
      88            674            2331  
      89            783            2425  
      90            813            2489  
      91            781            2514  
      92            807            2581  
      93            983            2712  
      94            830            2682  
      95            817            2721  
      96            733            2730  
      97            871            2850  
      98            961            2944  
      99            810            2919  
     100            875            3001  
     101            855            3038  
     102           1059            3193  
     103           1080            3254  
     104           1060            3299  
     105           1089            3367  
     106           1102            3420  
     107            924            3394  
     108           1163            3565  
     109            890            3479  
     110           1127            3658  
     111           1128            3714  
     112           1130            3773  
     113           1229            3876  
     114            988            3817  
     115           1029            3892  
     116           1066            3969  
     117           1019            4002  
     118           1189            4142  
     119           1212            4221  
     120           1335            4339  
     121           1337            4406  
     122           1407            4499  
     123           1290            4501  
     124           1253            4545  
     125           1375            4667  
     126           1312            4700  
     127           1329            4770  
     128           1287            4819  
     129           1389            4929  
     130           1385            4999  
     131           1696            5214  
     132           1449            5163  
     133           1596            5301  
     134           1677            5413  
     135           1509            5393  
     136           1450            5435  
     137           1628            5593  
     138           1424            5556  
     139           1657            5743  
     140           1765            5872  
     141           1521            5815  
     142           1810            6039  
     143           1553            5982  
     144           1856            6203  
     145           1934            6315  
     146           1549            6197  
     147           1790            6387  
     148           1666            6399  
     149           1786            6537  
     150           1532            6483  
     151           1743            6659  
     152           1908            6821  
     153           2447            7170  
     154           1682            6861  
     155           2348            7272  
     156           2177            7271  
     157           1951            7236  
     158           1911            7294  
     159           1921            7372  
     160           2047            7523  
     161           2024            7593  
     162           2135            7729  
     163           2304            7896  
     164           2226            7937  
     165           1995            7903  
     166           1992            7987  
     167           2481            8316  
     168           2362            8339  
     169           2470            8482  
     170           2272            8468  
     171           2788            8806  
     172           2424            8711  
     173           2575            8877  
     174           2680            9011  
     175           2470            9001  
     176           3165            9434  
     177           2798            9340  
     178           2473            9267  
     179           2451            9347  
     180           2518            9468  
     181           2256            9425  
     182           2384            9584  
     183           2415            9697  
     184           3105           10133  
     185           2482            9912  
     186           2679           10100  
     187           2894           10308  
     188           2508           10205  
     189           2806           10447  
     190           2703           10497  
     191           2720           10602  
     192           3150           10910  
     193           2993           10931  
     194           2992           11027  
     195           2936           11092  
     196           3166           11308  
     197           3015           11329  
     198           3588           11720  
     199           2975           11513  
     200           3707           11975  
     201           2679           11567  
     202           2834           11749  
     203           3410           12135  
     204           3129           12098  
     205           3543           12406  
     206           2831           12151  
     207           3251           12465  
     208           3282           12589  
     209           3534           12820  
     210           2638           12474  
     211           3737           13128  
     212           3356           13044  
     213           3612           13283  
     214           4355           13761  
     215           3273           13331  
     216           3687           13646  
     217           3374           13595  
     218           3481           13758  
     219           3563           13909  
     220           3577           14024  
     221           3844           14273  
     222           3751           14339  
     223           3829           14486  
     224           3331           14348  
     225           3978           14790  
     226           3818           14816  
     227           3821           14931  
     228           4111           15195  
     229           3929           15213  
     230           3768           15252  
     231           3139           15048  
     232           3870           15536  
     233           3568           15501  
     234           3927           15802  
     235           3777           15845  
     236           4141           16144  
     237           4674           16522  
     238           4292           16461  
     239           3823           16342  
     240           4764           16932  
     241           3843           16599  
     242           4385           16982  
     243           4731           17279  
     244           4568           17320  
     245           5355           17836  
     246           4955           17760  
     247           4363           17594  
     248           4957           18012  
     249           4281           17790  
     250           4267           17915  
     251           4389           18100  
     252           4730           18401  
     253           4364           18344  
     254           5575           19077  
     255           4521           18673  
     256           4860           18974  
     257           4465           18907  
     258           4832           19220  
     259           5044           19451  
     260           5686           19905  
     261           6000           20194  
     262           4818           19736  
     263           5325           20114  
     264           4943           20054  
     265           5524           20486  
     266           5555           20631  
     267           5426           20700  
     268           6160           21205  
     269           6479           21499  
     270           5727           21265  
     271           4368           20710  
     272           5479           21404  
     273           5446           21528  
     274           6171           22027  
     275           6180           22169  
     276           5286           21866  
     277           5790           22247  
     278           5384           22184  
     279           5766           22513  
     280           4934           22242  
     281           5917           22868  
     282           6012           23062  
     283           6018           23206  
     284           6798           23732  
     285           5186           23074  
     286           5391           23318  
     287           5601           23573  
     288           5642           23737  
     289           6265           24196  
     290           5575           23988  
     291           6168           24432  
     292           6695           24847  
     293           6334           24812  
     294           5849           24717  
     295           6074           24975  
     296           6305           25238  
     297           6845           25659  
     298           7165           25969  
     299           7068           26071  
     300           6815           26091  
     301           6097           25889  
     302           6727           26350  
     303           7241           26765  
     304           6515           26551  
     305           6800           26846  
     306           6329           26770  
     307           7839           27677  
     308           6239           27021  
     309           6292           27203  
     310           6503           27475  
     311           7287           28015  
     312           6578           27818  
     313           7731           28553  
     314           6555           28122  
     315           6814           28407  
     316           7511           28916  
     317           7499           29061  
     318           7247           29105  
     319           7390           29328  
     320           7041           29318  
     321           7757           29841  
     322           7461           29857  
     323           7416           29990  
     324           7260           30073  
     325           7177           30202  
     326           7826           30685  
     327           7855           30859  
     328           7536           30874  
     329           7130           30831  
     330           8178           31522  
     331           7291           31244  
     332           7924           31726  
     333           7205           31530  
     334           7702           31941  
     335           8215           32377  
     336           7349           32113  
     337           7558           32384  
     338           8311           32924  
     339           8039           32956  
     340           8247           33230  
     341           7742           33159  
     342           7928           33426  
     343           7750           33503  
     344           9629           34617  
     345           9164           34554  
     346           8039           34161  
     347           7626           34124  
     348           9030           35002  
     349           8399           34861  
     350           9717           35701  
     351           8668           35351  
     352           8631           35513  
     353           8880           35811  
     354           9570           36335  
     355           8617           36037  
     356           8499           36160  
     357          10629           37399  
     358           8591           36561  
     359           8612           36748  
     360           8325           36792  
     361           8766           37194  
     362          10145           38057  
     363           8840           37586  
     364           9059           37884  
     365           9326           38193  
     366           9327           38379  
     367           8644           38218  
     368           9748           38967  
     369           9485           39018  
     370          10646           39779  
     371           9091           39187  
     372           9666           39664  
     373          11513           40770  
     374          10055           40233  
     375          10547           40667  
     376          11507           41331  
     377           9789           40662  
     378           9646           40786  
     379           9799           41057  
     380          10392           41532  
     381           9267           41164  
     382           9400           41414  
     383          10887           42361  
     384           9858           42033  
     385          10114           42347  
     386          11332           43154  
     387          10377           42868  
     388          10318           43034  
     389           9858           43005  
     390           9689           43120  
     391          11541           44233  
     392          10676           43998  
     393           9623           43667  
     394          10380           44252  
     395          10379           44441  
     396          10942           44926  
     397          10806           45057  
     398           9914           44817  
     399          10681           45391  
     400          11111           45798  
     401          10691           45798  
     402          11980           46638  
     403          10698           46201  
     404          10078           46088  
     405          10912           46711  
     406          11187           47056  
     407          10872           47101  
     408          11667           47706  
     409          11537           47840  
     410          12273           48422  
     411          14066           49519  
     412          13084           49240  
     413          10858           48327  
     414          10703           48455  
     415          11248           48932  
     416          13155           50097  
     417          10957           49211  
     418          12009           49952  
     419          12746           50529  
     420          12886           50806  
     421          12327           50741  
     422          11723           50648  
     423          11737           50875  
     424          12470           51450  
     425          12007           51429  
     426          12388           51833  
     427          13682           52690  
     428          11502           51822  
     429          12737           52646  
     430          12774           52880  
     431          12223           52819  
     432          11776           52813  
     433          12378           53335  
     434          12120           53412  
     435          13305           54226  
     436          11396           53486  
     437          13458           54747  
     438          11521           53992  
     439          12916           54904  
     440          12499           54935  
     441          13642           55718  
     442          13481           55863  
     443          14436           56563  
     444          13916           56520  
     445          11795           55666  
     446          14813           57413  
     447          13500           56985  
     448          15000           57954  
     449          13828           57595  
     450          13820           57819  
     451          13820           58040  
     452          14168           58441  
     453          13157           58159  
     454          14048           58843  
     455          14099           59094  
     456          14716           59626  
     457          13292           59158  
     458          13591           59520  
     459          15199           60556  
     460          13625           60001  
     461          12912           59879  
     462          15480           61387  
     463          15346           61558  
     464          14208           61212  
     465          15763           62228  
     466          15701           62424  
     467          14366           61998  
     468          16282           63185  
     469          13943           62258  
     470          13600           62317  
     471          14041           62778  
     472          15523           63754  
     473          15241           63849  
     474          14802           63865  
     475          14912           64166  
     476          14980           64437  
     477          16171           65274  
     478          15755           65296  
     479          13687           64514  
     480          15148           65466  
     481          16237           66254  
     482          16549           66665  
     483          15428           66341  
     484          16359           67048  
     485          14326           66276  
     486          16934           67822  
     487          16453           67825  
     488          16891           68288  
     489          14719           67453  
     490          15251           67954  
     491          17280           69208  
     492          14492           68070  
     493          15945           69043  
     494          16543           69594  
     495          15267           69202  
     496          15944           69780  
     497          16900           70514  
     498          16183           70409  
     499          15989           70558  
     500          18617           72127  
     501          17925           72022  
     502          16554           71598  
     503          18340           72740  
     504          17074           72359  
     505          16131           72138  
     506          15446           72043  
     507          17779           73461  
     508          16833           73250  
     509          18795           74487  
     510          16844           73764  
     511          17307           74259  
     512          16316           74014  
#+ -------+--------------+--------------+--------------+--------------+--------------+--------------+
