#--------------+
#  TRI FUSION  |
#--------------+
#
#+--------+-----------------------------+
#|        |           inverse           |
#| Taille | Opérations     Comparaisons |
#+ -------+--------------+--------------+
       1              0               0  
       2              2               3  
       3              3               5  
       4              8              10  
       5              9              13  
       6             12              19  
       7             17              25  
       8             26              34  
       9             19              35  
      10             29              46  
      11             32              54  
      12             37              63  
      13             38              70  
      14             48              83  
      15             55              95  
      16             66             108  
      17             63             115  
      18             61             124  
      19             71             139  
      20             82             156  
      21             83             167  
      22             89             182  
      23            100             200  
      24            106             216  
      25            106             228  
      26            100             239  
      27            118             262  
      28            133             285  
      29            142             304  
      30            136             317  
      31            163             347  
      32            187             375  
      33            170             382  
      34            163             396  
      35            169             417  
      36            171             437  
      37            190             466  
      38            196             489  
      39            211             517  
      40            229             547  
      41            236             572  
      42            216             583  
      43            240             618  
      44            264             652  
      45            275             681  
      46            281             708  
      47            301             743  
      48            319             777  
      49            309             795  
      50            293             812  
      51            291             837  
      52            309             873  
      53            328             910  
      54            332             939  
      55            342             972  
      56            372            1016  
      57            400            1060  
      58            397            1088  
      59            403            1121  
      60            413            1157  
      61            428            1196  
      62            437            1232  
      63            469            1281  
      64            510            1334  
      65            486            1354  
      66            464            1375  
      67            460            1406  
      68            491            1457  
      69            505            1499  
      70            518            1543  
      71            509            1573  
      72            547            1629  
      73            569            1677  
      74            574            1719  
      75            564            1752  
      76            573            1795  
      77            599            1847  
      78            608            1893  
      79            636            1946  
      80            675            2005  
      81            682            2050  
      82            676            2089  
      83            669            2127  
      84            684            2178  
      85            688            2222  
      86            684            2265  
      87            709            2321  
      88            761            2393  
      89            811            2463  
      90            817            2514  
      91            809            2555  
      92            842            2618  
      93            860            2674  
      94            872            2729  
      95            885            2783  
      96            899            2839  
      97            895            2883  
      98            877            2922  
      99            887            2979  
     100            900            3036  
     101            909            3091  
     102            917            3148  
     103            937            3209  
     104            955            3269  
     105            990            3340  
     106           1021            3412  
     107           1019            3465  
     108           1020            3520  
     109           1033            3581  
     110           1060            3651  
     111           1093            3725  
     112           1125            3797  
     113           1143            3861  
     114           1116            3905  
     115           1146            3978  
     116           1176            4052  
     117           1207            4127  
     118           1224            4197  
     119           1240            4264  
     120           1274            4342  
     121           1289            4411  
     122           1317            4490  
     123           1320            4554  
     124           1339            4625  
     125           1357            4697  
     126           1377            4772  
     127           1412            4854  
     128           1456            4938  
     129           1455            5001  
     130           1432            5053  
     131           1382            5092  
     132           1383            5161  
     133           1401            5237  
     134           1435            5324  
     135           1452            5400  
     136           1506            5492  
     137           1535            5577  
     138           1567            5662  
     139           1590            5746  
     140           1594            5820  
     141           1620            5904  
     142           1668            6001  
     143           1685            6081  
     144           1710            6164  
     145           1747            6255  
     146           1759            6336  
     147           1747            6403  
     148           1752            6482  
     149           1750            6554  
     150           1773            6642  
     151           1808            6738  
     152           1856            6838  
     153           1887            6929  
     154           1917            7024  
     155           1928            7110  
     156           1937            7193  
     157           1970            7288  
     158           1981            7374  
     159           1993            7461  
     160           2061            7575  
     161           2076            7662  
     162           2059            7734  
     163           2063            7817  
     164           2044            7890  
     165           2084            7996  
     166           2072            8073  
     167           2105            8173  
     168           2123            8265  
     169           2183            8381  
     170           2224            8489  
     171           2233            8581  
     172           2238            8670  
     173           2256            8766  
     174           2304            8879  
     175           2325            8979  
     176           2380            9094  
     177           2437            9209  
     178           2441            9302  
     179           2425            9383  
     180           2463            9493  
     181           2493            9599  
     182           2536            9715  
     183           2566            9824  
     184           2630            9946  
     185           2668           10056  
     186           2700           10167  
     187           2752           10290  
     188           2778           10400  
     189           2811           10509  
     190           2845           10622  
     191           2868           10730  
     192           2900           10842  
     193           2840           10906  
     194           2824           10995  
     195           2797           11077  
     196           2807           11181  
     197           2837           11295  
     198           2827           11392  
     199           2862           11510  
     200           2917           11637  
     201           2910           11730  
     202           2962           11859  
     203           3009           11987  
     204           3013           12093  
     205           3034           12208  
     206           3061           12326  
     207           3081           12439  
     208           3141           12571  
     209           3184           12698  
     210           3228           12827  
     211           3218           12928  
     212           3215           13031  
     213           3239           13149  
     214           3252           13265  
     215           3315           13405  
     216           3368           13544  
     217           3422           13678  
     218           3446           13799  
     219           3481           13931  
     220           3508           14054  
     221           3511           14165  
     222           3549           14298  
     223           3613           14443  
     224           3676           14588  
     225           3684           14702  
     226           3675           14808  
     227           3682           14926  
     228           3659           15031  
     229           3737           15187  
     230           3770           15321  
     231           3784           15442  
     232           3841           15585  
     233           3893           15731  
     234           3947           15876  
     235           4023           16035  
     236           4063           16175  
     237           4070           16294  
     238           4109           16434  
     239           4134           16568  
     240           4142           16694  
     241           4206           16844  
     242           4227           16976  
     243           4235           17099  
     244           4214           17214  
     245           4236           17348  
     246           4293           17502  
     247           4308           17636  
     248           4390           17800  
     249           4405           17931  
     250           4457           18086  
     251           4476           18224  
     252           4470           18348  
     253           4521           18497  
     254           4549           18640  
     255           4591           18793  
     256           4666           18956  
     257           4685           19091  
     258           4627           19188  
     259           4628           19316  
     260           4609           19439  
     261           4643           19583  
     262           4649           19720  
     263           4669           19861  
     264           4713           20017  
     265           4778           20182  
     266           4785           20316  
     267           4834           20476  
     268           4892           20642  
     269           4918           20792  
     270           4957           20952  
     271           5024           21120  
     272           5084           21286  
     273           5102           21428  
     274           5129           21578  
     275           5190           21746  
     276           5197           21889  
     277           5239           22047  
     278           5278           22209  
     279           5332           22378  
     280           5373           22537  
     281           5413           22697  
     282           5474           22873  
     283           5530           23042  
     284           5563           23205  
     285           5615           23373  
     286           5625           23522  
     287           5698           23704  
     288           5759           23879  
     289           5794           24044  
     290           5813           24194  
     291           5759           24311  
     292           5764           24460  
     293           5752           24602  
     294           5793           24772  
     295           5853           24951  
     296           5902           25126  
     297           5994           25318  
     298           6027           25486  
     299           6069           25657  
     300           6088           25820  
     301           6121           25989  
     302           6147           26152  
     303           6189           26325  
     304           6232           26500  
     305           6286           26678  
     306           6340           26863  
     307           6366           27028  
     308           6390           27190  
     309           6427           27365  
     310           6392           27505  
     311           6445           27689  
     312           6498           27876  
     313           6544           28054  
     314           6591           28234  
     315           6642           28422  
     316           6736           28630  
     317           6769           28807  
     318           6760           28959  
     319           6807           29143  
     320           6873           29335  
     321           6893           29505  
     322           6896           29669  
     323           6901           29833  
     324           6878           29980  
     325           6921           30165  
     326           6927           30330  
     327           6958           30512  
     328           7040           30716  
     329           7175           30947  
     330           7159           31104  
     331           7189           31285  
     332           7237           31479  
     333           7258           31658  
     334           7287           31842  
     335           7415           32073  
     336           7443           32251  
     337           7516           32458  
     338           7531           32636  
     339           7562           32820  
     340           7581           33001  
     341           7634           33200  
     342           7655           33380  
     343           7735           33595  
     344           7772           33790  
     345           7853           34005  
     346           7854           34177  
     347           7907           34381  
     348           7949           34579  
     349           7997           34775  
     350           8008           34955  
     351           8076           35164  
     352           8147           35379  
     353           8192           35576  
     354           8232           35771  
     355           8260           35964  
     356           8277           36149  
     357           8295           36341  
     358           8375           36560  
     359           8412           36758  
     360           8451           36961  
     361           8554           37192  
     362           8598           37397  
     363           8634           37598  
     364           8707           37817  
     365           8703           38001  
     366           8799           38230  
     367           8874           38454  
     368           8948           38674  
     369           9030           38898  
     370           9089           39114  
     371           9142           39328  
     372           9172           39526  
     373           9189           39725  
     374           9282           39959  
     375           9386           40204  
     376           9439           40419  
     377           9536           40654  
     378           9557           40856  
     379           9630           41084  
     380           9654           41288  
     381           9695           41501  
     382           9722           41703  
     383           9777           41929  
     384           9829           42143  
     385           9639           42237  
     386           9557           42386  
     387           9570           42586  
     388           9555           42773  
     389           9580           42980  
     390           9588           43179  
     391           9671           43419  
     392           9732           43646  
     393           9803           43877  
     394           9776           44055  
     395           9873           44301  
     396           9905           44519  
     397           9954           44742  
     398          10045           44994  
     399          10093           45219  
     400          10171           45457  
     401          10179           45659  
     402          10235           45886  
     403          10302           46122  
     404          10336           46340  
     405          10363           46557  
     406          10434           46801  
     407          10513           47045  
     408          10529           47255  
     409          10588           47490  
     410          10610           47705  
     411          10702           47958  
     412          10775           48203  
     413          10799           48425  
     414          10877           48672  
     415          10956           48916  
     416          11031           49163  
     417          11084           49400  
     418          11142           49635  
     419          11122           49838  
     420          11108           50042  
     421          11164           50278  
     422          11185           50500  
     423          11280           50764  
     424          11331           51005  
     425          11466           51286  
     426          11497           51508  
     427          11595           51777  
     428          11650           52018  
     429          11661           52243  
     430          11725           52492  
     431          11798           52742  
     432          11806           52962  
     433          11868           53208  
     434          11920           53455  
     435          11965           53695  
     436          11950           53904  
     437          12011           54155  
     438          12050           54395  
     439          12174           54676  
     440          12203           54915  
     441          12245           55155  
     442          12259           55384  
     443          12381           55671  
     444          12419           55917  
     445          12450           56154  
     446          12490           56397  
     447          12563           56657  
     448          12643           56923  
     449          12729           57191  
     450          12697           57396  
     451          12738           57640  
     452          12657           57825  
     453          12723           58085  
     454          12748           58325  
     455          12764           58558  
     456          12877           58847  
     457          12907           59091  
     458          13057           59398  
     459          12980           59588  
     460          13103           59883  
     461          13188           60158  
     462          13267           60436  
     463          13310           60680  
     464          13390           60954  
     465          13522           61250  
     466          13533           61488  
     467          13641           61781  
     468          13634           62006  
     469          13700           62280  
     470          13782           62555  
     471          13866           62834  
     472          13911           63095  
     473          14002           63378  
     474          14109           63670  
     475          14223           63967  
     476          14318           64256  
     477          14338           64504  
     478          14354           64749  
     479          14473           65043  
     480          14547           65327  
     481          14614           65606  
     482          14678           65873  
     483          14690           66122  
     484          14664           66348  
     485          14682           66600  
     486          14736           66875  
     487          14879           67193  
     488          14894           67444  
     489          14975           67723  
     490          15003           67986  
     491          15063           68269  
     492          15064           68516  
     493          15144           68804  
     494          15240           69095  
     495          15315           69383  
     496          15343           69649  
     497          15457           69953  
     498          15534           70243  
     499          15544           70494  
     500          15556           70752  
     501          15577           71015  
     502          15624           71289  
     503          15693           71581  
     504          15761           71867  
     505          15826           72148  
     506          15876           72429  
     507          15926           72708  
     508          15973           72991  
     509          16049           73285  
     510          16066           73547  
     511          16184           73870  
     512          16246           74150  
#+ -------+--------------+--------------+--------------+--------------+--------------+--------------+
